Wavelength (nm)	Abs. Coeff.
288	0
289	0
290	0
291	0
292	0
293	0
294	0
295	0
296	0
297	0
298	0
299	0
300	0
301	0
302	0
303	0
304	0
305	0
306	0
307	0
308	0
309	0
310	0
311	0
312	0
313	0
314	0
315	0
316	0
317	0
318	0
319	0
320	0
321	0
322	0
323	0
324	0
325	0
326	0
327	0
328	0
329	0
330	0
331	0
332	0
333	0
334	0
335	0
336	0
337	0
338	0
339	0
340	0
341	0
342	0
343	0
344	0
345	0
346	0
347	0
348	0
349	0
350	0
351	0
352	0
353	0
354	0
355	0
356	0
357	0
358	0
359	0
360	0
361	0
362	0
363	0
364	0
365	0
366	0
367	0
368	0
369	0
370	0
371	0
372	0
373	0
374	0
375	0
376	0
377	0
378	0
379	0
380	0
381	0
382	0
383	0
384	0
385	0
386	0
387	0
388	0
389	0
390	0
391	0
392	0
393	0
394	0
395	0
396	0
397	0
398	0
399	0
400	0
401	0
402	0
403	0
404	0
405	0
406	0
407	0
408	0
409	0
410	0
411	0
412	0
413	0
414	0
415	0
416	0
417	0
418	0
419	0
420	0
421	0
422	0
423	0
424	0
425	0
426	0
427	0
428	0
429	0
430	0
431	0
432	0
433	0
434	0
435	0
436	0
437	0
438	0
439	0
440	0
441	0.000021088
442	0.000184577
443	0.000876572
444	0.000324414
445	0.000448483
446	0.000451124
447	0.000118642
448	3.95E-05
449	0
450	0
451	0
452	0
453	0
454	0
455	0
456	0
457	0
458	0
459	0
460	0
461	0
462	0
463	0
464	0
465	0
466	0
467	2.90E-05
468	4.75E-05
469	0.000113368
470	0.000329693
471	0.000181939
472	0.000168751
473	0.000189853
474	4.75E-05
475	0
476	0
477	0
478	0
479	0
480	0
481	0
482	0
483	0
484	0
485	0.00019249
486	0.000152926
487	0.000113368
488	0.000105457
489	0.000139739
490	6.85E-05
491	2.64E-05
492	1.58E-05
493	0
494	0
495	0
496	0
497	0
498	0
499	0
500	8.96E-05
501	0.000147651
502	0.000710011
503	0.00138918
504	0.005788437
505	0.00143302
506	0.002296281
507	0.002703016
508	0.002091254
509	0.001487828
510	0.001077644
511	0.000435282
512	0.000189853
513	0.000113368
514	0
515	0
516	0
517	0
518	0
519	0
520	0
521	0
522	0
523	0
524	0.000216232
525	0.000263721
526	0.000021088
527	0.000229423
528	4.22E-05
529	0.000121279
530	9.75E-05
531	6.85E-05
532	2.64E-06
533	7.91E-06
534	0
535	0
536	1.05E-05
537	0
538	0.000076452
539	0.000176664
540	0.000630733
541	0.001868053
542	0.00200708
543	0.000707368
544	0.001677891
545	0.00119942
546	0.00221206
547	0.001157057
548	0.000657156
549	0.00040888
550	0.000385122
551	0.000210956
552	8.44E-05
553	7.91E-05
554	2.64E-06
555	0
556	0
557	0
558	0
559	0
560	0
561	0
562	0
563	3.16E-05
564	3.95E-05
565	4.75E-05
566	9.75E-05
567	0.000282192
568	0.001586272
569	0.005568968
570	0.00367135
571	0.001037947
572	0.003017865
573	0.002555894
574	0.00220431
575	0.002325172
576	0.001845924
577	0.00153153
578	0.000789313
579	0.000393041
580	0.00033761
581	0.000213594
582	0.00030858
583	0.000334971
584	0.000583177
585	0.000728512
586	0.001381713
587	0.003116582
588	0.009916266
589	0.0245047
590	0.023618479
591	0.015947741
592	0.020788396
593	0.015050342
594	0.0168425
595	0.019932157
596	0.010119545
597	0.011147588
598	0.008570783
599	0.006762966
600	0.003814602
601	0.001681286
602	0.001207364
603	0.000522424
604	0.000221508
605	0
606	0
607	0
608	0
609	0
610	0
611	0
612	0
613	0
614	0
615	0
616	0
617	0
618	0
619	0
620	0
621	0
622	0
623	0
624	0
625	8.17E-05
626	0.000532989
627	0.002164252
628	0.004080084
629	0.003212673
630	0.00161193
631	0.000752302
632	0.003278759
633	0.002222825
634	0.001410962
635	0.001710628
636	0.001385392
637	0.001487682
638	0.000739085
639	0.000879217
640	0.000786669
641	0.000924181
642	0.000720583
643	0.001421921
644	0.001180886
645	0.002405606
646	0.006721882
647	0.01389442
648	0.018012636
649	0.017818398
650	0.008130042
651	0.006090782
652	0.019876353
653	0.007132241
654	0.005936608
655	0.012592237
656	0.008228527
657	0.008743379
658	0.005934319
659	0.004127322
660	0.003429131
661	0.001524221
662	0.000604312
663	0.000895086
664	0.000617522
665	0.000451124
666	0.000319136
667	0.000279553
668	2.64E-06
669	7.38E-05
670	1.05E-05
671	0
672	0
673	0
674	0
675	0
676	0
677	0
678	0
679	0
680	4.22E-05
681	0.000166114
682	0.000282192
683	0.000387761
684	0.000636017
685	0.000435282
686	0.000680939
687	0.001141173
688	0.000466966
689	0.00069151
690	0.000992964
691	0.002423589
692	0.00766883
693	0.026579289
694	0.04364719
695	0.032432187
696	0.037900179
697	0.008673639
698	0.009620989
699	0.026698872
700	0.026355125
701	0.029402252
702	0.024318429
703	0.02608622
704	0.016064242
705	0.017182644
706	0.013171034
707	0.012521301
708	0.012395052
709	0.007678131
710	0.010093308
711	0.008526923
712	0.006643513
713	0.008465889
714	0.008470557
715	0.01436083
716	0.016957289
717	0.084525095
718	0.123789088
719	0.166505505
720	0.145160997
721	0.094860838
722	0.0263103
723	0.067769472
724	0.117241539
725	0.117538253
726	0.09095221
727	0.094795109
728	0.111215112
729	0.08667464
730	0.065983316
731	0.08599258
732	0.055840808
733	0.028217806
734	0.022852294
735	0.02560095
736	0.023722684
737	0.025780089
738	0.013130956
739	0.01433907
740	0.009617985
741	0.006810883
742	0.004274256
743	0.003462023
744	0.001904392
745	0.000715297
746	0.000754946
747	0.000419441
748	0.000258444
749	0.000171389
750	0.000150289
751	0.000166114
752	0.000100183
753	2.37E-05
754	0.000108094
755	0.000179302
756	0
757	0
758	0
759	0
760	0
761	0
762	0
763	0
764	0
765	0
766	0
767	0
768	0
769	0
770	0
771	0
772	0
773	7.91E-06
774	1.58E-05
775	1.32E-05
776	1.05E-05
777	1.05E-05
778	7.38E-05
779	9.75E-05
780	5.01E-05
781	6.59E-05
782	9.23E-05
783	9.23E-05
784	8.70E-05
785	0.00095857
786	0.001593522
787	0.007149619
788	0.01030802
789	0.013263297
790	0.024184343
791	0.01420166
792	0.01313742
793	0.014377482
794	0.002642899
795	0.00539358
796	0.019602085
797	0.018976982
798	0.007028809
799	0.00997367
800	0.013719735
801	0.01581049
802	0.015275295
803	0.016662517
804	0.015360277
805	0.011481628
806	0.006000654
807	0.00747234
808	0.006326184
809	0.010569437
810	0.016218547
811	0.018886221
812	0.031483492
813	0.042729473
814	0.10117402
815	0.102268973
816	0.146713367
817	0.135551151
818	0.141496239
819	0.082931278
820	0.11036669
821	0.029312226
822	0.045946612
823	0.344129358
824	0.062055165
825	0.04477299
826	0.068141487
827	0.038591356
828	0.119933387
829	0.064713574
830	0.068822691
831	0.063697816
832	0.082276975
833	0.031317975
834	0.050513515
835	0.014426955
836	0.036088044
837	0.013355145
838	0.020260431
839	0.0120372
840	0.009894319
841	0.013429042
842	0.008817478
843	0.004093509
844	0.007249456
845	0.003024973
846	0.002372735
847	0.000770807
848	0.002904151
849	0.002992184
850	0.002515427
851	0.00496704
852	0.003946869
853	0.001655593
854	0.003840597
855	0.001141173
856	0.002350987
857	0.000752302
858	0.001440187
859	0.000781381
860	0.000044814
861	0.000369284
862	0
863	0.000057996
864	0.000108094
865	0
866	0
867	0
868	1.05E-05
869	0
870	0
871	8.44E-05
872	0
873	0
874	0
875	0.000142377
876	0.000361365
877	0.000152926
878	0.000670369
879	0.000569969
880	0.00041416
881	0.001805696
882	0.001937369
883	0.001392789
884	0.001385392
885	0.001347745
886	0.005606188
887	0.00262542
888	0.005845754
889	0.000850127
890	0.005843819
891	0.003745661
892	0.008885079
893	0.02120367
894	0.03807481
895	0.061568591
896	0.106147856
897	0.178660145
898	0.133233583
899	0.41741865
900	0.111005014
901	0.216055371
902	0.148915348
903	0.156277445
904	0.040745087
905	0.057056008
906	0.081720073
907	0.197427665
908	0.175197905
909	0.121227692
910	0.188979297
911	0.15769259
912	0.13541206
913	0.189925626
914	0.192809751
915	0.134934141
916	0.24239196
917	0.097041499
918	0.217768504
919	0.096497773
920	0.09342439
921	0.052377849
922	0.107141743
923	0.055187317
924	0.092023538
925	0.106122817
926	0.090266089
927	0.050868991
928	0.201798908
929	0.237217221
930	0.447349829
931	0.594542488
932	0.88744107
933	1.013224354
934	1.393682368
935	1.16239372
936	1.561468939
937	1.410904407
938	1.191076238
939	0.615566529
940	0.404589241
941	0.575825982
942	0.529550526
943	1.034794327
944	1.100494484
945	0.598785306
946	1.31978491
947	0.547977457
948	0.978001212
949	0.28209739
950	1.48501252
951	0.31178944
952	0.914319527
953	0.637450189
954	0.476326743
955	0.604524146
956	0.700099291
957	0.810215178
958	0.500293406
959	0.611710555
960	0.426709442
961	0.386764457
962	0.426902255
963	0.316955221
964	0.400446715
965	0.343837152
966	0.239212375
967	0.246589115
968	0.102310481
969	0.068141487
970	0.116758582
971	0.045478468
972	0.073338063
973	0.13234153
974	0.154722203
975	0.150200735
976	0.16587048
977	0.102119563
978	0.12432814
979	0.095806352
980	0.135568539
981	0.039891957
982	0.059336138
983	0.076599059
984	0.02039559
985	0.056946867
986	0.010517842
987	0.01772452
988	0.018747053
989	0.004210631
990	0.016691339
991	0.004940941
992	0.003777731
993	0.0125292
994	0.002629184
995	0.001265626
996	0.003054554
997	0.002178686
998	0.002548566
999	0.002295835
1000	0.004841994
1001	0.002021143
1002	0.012260942
1003	0.00274622
1004	0.005324962
1005	0.001491066
1006	0.003571929
1007	0.002291798
1008	0.00449116
1009	0.006411515
1010	0.007639636
1011	0.001999193
1012	0.004145523
1013	0.001374247
1014	0.001337787
1015	0.001717779
1016	0.001944502
1017	0.002244578
1018	0.000932116
1019	0.004993342
1020	0.001483891
1021	0.000781381
1022	0.002120126
1023	0.002526582
1024	0.006809032
1025	0.00090831
1026	0.001816496
1027	0.001706812
1028	0.001959319
1029	0.002219164
1030	0.000527707
1031	0.001217956
1032	0.000453764
1033	0.000519783
1034	0.000197766
1035	2.64E-06
1036	0.000393041
1037	0
1038	3.43E-05
1039	0.000131828
1040	5.27E-06
1041	0.000139739
1042	0
1043	0
1044	0
1045	0
1046	0
1047	0
1048	1.85E-05
1049	2.64E-05
1050	2.64E-05
1051	2.64E-05
1052	2.64E-05
1053	2.64E-05
1054	2.64E-05
1055	7.38E-05
1056	0.000134465
1057	0.00010282
1058	0.000123916
1059	0.000276914
1060	0.000118642
1061	0.00020568
1062	0.000662441
1063	0.000855416
1064	8.96E-05
1065	0.00161178
1066	0.000279553
1067	0.00119942
1068	0.002032082
1069	0.002837614
1070	0.005530753
1071	0.001265626
1072	0.005514906
1073	0.004629491
1074	0.001027362
1075	0.014605284
1076	0.00301897
1077	0.010930981
1078	0.01345376
1079	0.002326234
1080	0.017393234
1081	0.018587247
1082	0.00841146
1083	0.006516271
1084	0.028150397
1085	0.013791179
1086	0.054744215
1087	0.019161981
1088	0.010875504
1089	0.024020495
1090	0.042997019
1091	0.016011419
1092	0.012027437
1093	0.077496823
1094	0.019627158
1095	0.056565007
1096	0.077914023
1097	0.011577542
1098	0.078010334
1099	0.068894017
1100	0.110408668
1101	0.096440129
1102	0.111677544
1103	0.126102158
1104	0.123549638
1105	0.079327879
1106	0.203994519
1107	0.100950257
1108	0.181712588
1109	0.186707565
1110	0.103922851
1111	0.40712752
1112	0.185280883
1113	0.541306939
1114	0.443406569
1115	0.753588153
1116	0.7633333
1117	2.969486171
1118	0.787008708
1119	1.412939089
1120	1.085599678
1121	0.840878923
1122	3.159234147
1123	1.278829292
1124	1.597687714
1125	1.132678334
1126	3.952684135
1127	0.973098321
1128	1.340479676
1129	1.357635059
1130	3.091647838
1131	0.341872369
1132	0.621317728
1133	0.950159962
1134	3.014039632
1135	6.35810753
1136	1.153669393
1137	0.315039636
1138	0.748604276
1139	0.507701059
1140	0.577502439
1141	0.831159762
1142	0.743694528
1143	0.30587756
1144	1.4340281
1145	1.035297548
1146	0.90065437
1147	2.979383545
1148	0.566319942
1149	0.7212759
1150	1.199172279
1151	0.74505553
1152	0.570862651
1153	0.830896767
1154	0.887575858
1155	0.395333431
1156	0.485351927
1157	0.355154208
1158	0.410160775
1159	0.346308804
1160	0.429024268
1161	0.217018507
1162	0.229340931
1163	0.070472925
1164	0.14548707
1165	0.168686997
1166	0.182204037
1167	0.138469548
1168	0.127880556
1169	0.104039347
1170	0.073984293
1171	0.090674416
1172	0.084954491
1173	0.074966716
1174	0.247126903
1175	0.074159913
1176	0.038743352
1177	0.054581035
1178	0.203602637
1179	0.035906324
1180	0.09321122
1181	0.068909869
1182	0.371899417
1183	0.055980918
1184	0.10867284
1185	0.1286207
1186	0.040463138
1187	0.063902427
1188	0.232099278
1189	0.083335466
1190	0.049101076
1191	0.072150832
1192	0.042286328
1193	0.064902711
1194	0.046806949
1195	0.064760854
1196	0.083230356
1197	0.028090482
1198	0.071251751
1199	0.141952219
1200	0.059085908
1201	0.077512865
1202	0.082955523
1203	0.059328317
1204	0.149553322
1205	0.070790711
1206	0.017254471
1207	0.076663148
1208	0.060157816
1209	0.062243604
1210	0.044037574
1211	0.068735524
1212	0.073665095
1213	0.024959404
1214	0.062510645
1215	0.072246375
1216	0.02621319
1217	0.037459995
1218	0.026803523
1219	0.030062789
1220	0.025839811
1221	0.018849897
1222	0.031175059
1223	0.033321782
1224	0.035823051
1225	0.018401572
1226	0.013571214
1227	0.040889915
1228	0.010345871
1229	0.012673836
1230	0.017405553
1231	0.004255018
1232	0.004686099
1233	0.0204016
1234	0.001151762
1235	0.003425
1236	0.00145819
1237	0.006815776
1238	0.001247087
1239	0.001345096
1240	0.000427361
1241	0.003976674
1242	0.000593744
1243	0.000134465
1244	0.001077644
1245	0.000163476
1246	0.000113368
1247	0.000556761
1248	0.001900609
1249	0.000216232
1250	0.000393041
1251	0.00030858
1252	0.000696796
1253	0.000324414
1254	0.002273657
1255	0.001331849
1256	0.000720583
1257	0.000427361
1258	0.00162977
1259	0.00051186
1260	0.001574964
1261	0.001596872
1262	0.000596386
1263	0.002123224
1264	0.002039084
1265	0.000924181
1266	0.000403601
1267	0.002620853
1268	0.001486963
1269	0.001363642
1270	0.000942698
1271	0.003875251
1272	0.002788837
1273	0.002312767
1274	0.004161325
1275	0.001236494
1276	0.002905536
1277	0.008469318
1278	0.000990318
1279	0.006398346
1280	0.007605527
1281	0.007504705
1282	0.001931698
1283	0.002882335
1284	0.008006725
1285	0.005810766
1286	0.004693833
1287	0.011342735
1288	0.011565244
1289	0.022369198
1290	0.01068888
1291	0.007278016
1292	0.034998411
1293	0.017007822
1294	0.0209488
1295	0.019396012
1296	0.04009753
1297	0.062251457
1298	0.028839772
1299	0.01436026
1300	0.090045689
1301	0.072469359
1302	0.025451703
1303	0.090895008
1304	0.163155265
1305	0.037763542
1306	0.035823051
1307	0.161558076
1308	0.096431895
1309	0.033812283
1310	0.167613604
1311	0.112300195
1312	0.105780715
1313	0.119984434
1314	0.188239964
1315	0.166550886
1316	0.105680618
1317	0.142750879
1318	0.096357789
1319	0.21784647
1320	0.367815676
1321	0.154882935
1322	0.14264551
1323	0.355421167
1324	0.225331438
1325	0.10978765
1326	0.184089486
1327	0.209301085
1328	0.403825579
1329	0.585224116
1330	0.307236462
1331	0.665592002
1332	0.746195597
1333	0.357077014
1334	0.672513242
1335	0.350594016
1336	0.590721798
1337	0.599824959
1338	0.550273135
1339	0.537371774
1340	0.683119442
1341	0.556969915
1342	0.419559329
1343	0.57506169
1344	1.287604132
1345	0.929748235
1346	1.250097234
1347	1.199172279
1348	5.747018949
1349	2.582814267
1350	4.513797237
1351	3.706971324
1352	5.416377912
1353	8.017207231
1354	7.210309109
1355	12.6261476
1356	10.12662289
1357	8.725622766
1358	12.54040583
1359	11.20011308
1360	12.09282295
1361	17.31314729
1362	31.0200647
1363	11.60024248
1364	11.07641523
1365	23.81203224
1366	8.715070691
1367	10.02335178
1368	22.02288015
1369	13.93176847
1370	12.63661855
1371	18.24848269
1372	12.03349662
1373	7.580220324
1374	6.440318908
1375	7.820854313
1376	7.708514136
1377	9.719901931
1378	3.59461895
1379	13.41677876
1380	8.773795159
1381	21.64807177
1382	11.31445429
1383	24.62465307
1384	11.94156301
1385	16.54271021
1386	9.682825913
1387	4.0032268
1388	19.00980429
1389	4.268545512
1390	5.816329021
1391	5.130320744
1392	13.71967619
1393	9.521985402
1394	5.688358479
1395	17.70867757
1396	18.45444368
1397	11.05040253
1398	3.157214671
1399	4.259345706
1400	16.60472471
1401	18.12715309
1402	6.094831304
1403	4.220661992
1404	6.736480318
1405	17.15713232
1406	2.837595113
1407	15.02787764
1408	4.328708379
1409	10.42759326
1410	7.186474653
1411	4.701049662
1412	5.18975291
1413	1.599670061
1414	8.572717253
1415	9.685382185
1416	1.633390488
1417	2.171747146
1418	3.335772209
1419	8.881871034
1420	4.713949421
1421	3.344465597
1422	1.285397234
1423	4.120760107
1424	5.155144722
1425	2.606025403
1426	3.311868654
1427	2.379626792
1428	4.928094792
1429	2.304574534
1430	1.305296001
1431	1.309466854
1432	5.698740695
1433	2.18533619
1434	3.47860233
1435	2.583724884
1436	1.975547893
1437	1.887752959
1438	5.023333616
1439	1.123244465
1440	2.360959077
1441	2.209080103
1442	3.010271884
1443	4.401041696
1444	1.09809148
1445	1.316489444
1446	7.712790388
1447	2.197186282
1448	0.721683264
1449	0.665530845
1450	3.542350316
1451	6.342188447
1452	1.211952867
1453	0.965031477
1454	0.50650281
1455	1.392126965
1456	0.709618516
1457	0.6164642
1458	0.710460354
1459	0.355367773
1460	1.102566794
1461	0.90703487
1462	0.480101702
1463	1.631968005
1464	0.430099807
1465	1.274155137
1466	1.148412967
1467	2.758079137
1468	0.981685297
1469	0.750856785
1470	3.094506614
1471	5.283588439
1472	3.282641514
1473	1.093366784
1474	0.904351532
1475	0.251433766
1476	1.18969122
1477	1.074565082
1478	1.386796189
1479	0.659088019
1480	1.350856493
1481	0.701092911
1482	1.456999036
1483	0.381492627
1484	0.603660912
1485	0.592498068
1486	0.60006266
1487	1.134479685
1488	0.751555196
1489	0.231076069
1490	0.42478221
1491	0.374240109
1492	0.336994272
1493	0.281735455
1494	0.210602499
1495	0.331756622
1496	0.373459612
1497	0.151835155
1498	0.252291797
1499	0.161170593
1500	0.099063472
1501	0.061882472
1502	0.134508625
1503	0.201427272
1504	0.379171475
1505	0.21174196
1506	0.049810808
1507	0.075886454
1508	0.098006386
1509	0.237347389
1510	0.04374668
1511	0.054643195
1512	0.055086235
1513	0.088138375
1514	0.121867187
1515	0.043348804
1516	0.061019628
1517	0.07013146
1518	0.074343561
1519	0.080744516
1520	0.043463553
1521	0.013168708
1522	0.031679152
1523	0.01044139
1524	0.01854917
1525	0.037035245
1526	0.033382133
1527	0.039442946
1528	0.012251166
1529	0.019894658
1530	0.022458361
1531	0.023581267
1532	0.006678647
1533	0.002231646
1534	0.006535787
1535	0.014221921
1536	0.007263034
1537	0.012670157
1538	0.002884045
1539	0.007049346
1540	0.001519731
1541	0.003148415
1542	0.010140942
1543	0.00382059
1544	0.010549788
1545	0.001753751
1546	0.005600404
1547	0.002569854
1548	0.002459976
1549	0.000350807
1550	0.001506758
1551	0.002287998
1552	0.006841061
1553	0.001308007
1554	0.002383287
1555	0.001157057
1556	0.001607847
1557	0.001159705
1558	0.001109407
1559	0.001406039
1560	0.001600674
1561	0.001341323
1562	0.003447035
1563	0.002555656
1564	0.002878208
1565	0.001056472
1566	0.002229729
1567	0.001366292
1568	0.002101635
1569	0.000493373
1570	0.000813108
1571	0.001003547
1572	0.000768163
1573	0.000826328
1574	0.000876572
1575	0.000530348
1576	0.001374307
1577	0.000488092
1578	0.00030858
1579	0.002145745
1580	0.000393041
1581	0.000538271
1582	0.000699439
1583	0.003373909
1584	0.000163476
1585	0.000596386
1586	0.002940801
1587	0.003726269
1588	0.000237337
1589	0.000131828
1590	0.001743213
1591	0.00119942
1592	0.003755675
1593	0.000974444
1594	0.002966226
1595	0.001381492
1596	0.002182146
1597	0.004454756
1598	0.001112054
1599	0.001074998
1600	0.000131828
1601	0.001157057
1602	0.002581544
1603	0.000229423
1604	0.000382482
1605	0.000108094
1606	0.000295385
1607	0.000174026
1608	0.002098168
1609	0.000784025
1610	0.000828973
1611	0.001305358
1612	0.000150289
1613	0.001776275
1614	0.000887151
1615	0.000400961
1616	0.000752302
1617	0.001981083
1618	0.000242614
1619	0.002607024
1620	0.000123916
1621	0.000126553
1622	0.000305941
1623	0.000292747
1624	0.000282192
1625	0.001556827
1626	0.000226784
1627	0.000131828
1628	0.000216232
1629	0.000131828
1630	0.000171389
1631	0.000342889
1632	0.002584967
1633	0.002039435
1634	0.000374563
1635	0.002090658
1636	0.000276914
1637	0.001051179
1638	0.000361365
1639	0.002149018
1640	0.004244489
1641	0.000361365
1642	0.001845424
1643	0.000723226
1644	0.000239975
1645	0.003354734
1646	0.00501035
1647	0.000884507
1648	0.001541962
1649	0.002090297
1650	0.002478286
1651	0.00143254
1652	0.008575416
1653	0.004810819
1654	0.002620919
1655	0.002910434
1656	0.004936145
1657	0.004777652
1658	0.00354157
1659	0.001440491
1660	0.001943824
1661	0.005984114
1662	0.010320478
1663	0.00245957
1664	0.005363558
1665	0.001746314
1666	0.008302067
1667	0.001468706
1668	0.000519783
1669	0.009512354
1670	0.00262782
1671	0.003757663
1672	0.003779708
1673	0.002199544
1674	0.003977833
1675	0.004113866
1676	0.008240994
1677	0.006411977
1678	0.009096564
1679	0.002788583
1680	0.004459313
1681	0.001461087
1682	0.001331849
1683	0.002466002
1684	0.018674793
1685	0.001395439
1686	0.002440233
1687	0.008780616
1688	0.001530247
1689	0.004093537
1690	0.009229803
1691	0.041454259
1692	0.012334833
1693	0.001369631
1694	0.00995514
1695	0.001592097
1696	0.003567348
1697	0.067033925
1698	0.002417307
1699	0.008387613
1700	0.013068407
1702	0.001490029
1705	0.012480144
1710	0.026370067
1715	0.03409164
1720	0.031355589
1725	0.049533004
1730	0.05375017
1735	0.066259644
1740	0.067318564
1745	0.107400881
1750	0.063115779
1755	0.109192311
1760	0.074806881
1765	0.179380465
1770	0.125158899
1775	0.23234785
1780	0.396447587
1785	0.567227761
1790	0.41454013
1795	0.917151147
1800	1.558212827
1805	3.996
1810	4.0373879
1815	6.301274082
1820	9.292958236
1825	6.433652782
1830	11.62701552
1835	15.18772702
1840	21.50064861
1845	11.9739505
1850	15.10910319
1855	16.70427591
1860	12.45601639
1865	8.615341384
1870	23.44590564
1875	22.28238174
1880	7.525796179
1885	8.313168309
1890	8.104515164
1895	6.298096745
1900	14.47896723
1905	17.57287387
1910	7.713200907
1915	11.51811872
1920	8.425087647
1925	6.215542063
1930	6.027488729
1935	3.591622028
1940	4.299331374
1945	2.457845339
1950	1.19
1955	1.24
1960	0.986008505
1965	0.63914226
1970	0.4039892
1975	0.241434596
1980	0.239423242
1985	0.199391442
1990	0.179057156
1995	0.144007708
2000	0.115489186
2005	0.192932135
2010	0.016587604
2015	0.118556485
2020	0.076206639
2025	0.036194069
2030	0.064327575
2035	0.023305956
2040	0.039267984
2045	0.024445088
2050	0.016162092
2055	0.02608622
2060	0.033661324
2065	0.022391488
2070	0.023722684
2075	0.015220015
2080	0.019278603
2085	0.017896783
2090	0.009579176
2095	0.015538908
2100	0.047637533
2105	0.006211626
2110	0.016207437
2115	0.007329342
2120	0.027312046
2125	0.016808161
2130	0.013349759
2135	0.006982639
2140	0.002863609
2145	0.002603741
2150	0.025571098
2155	0.019936519
2160	0.01672675
2165	0.033555672
2170	0.015995922
2175	0.029657387
2180	0.012503136
2185	0.066299128
2190	0.025123466
2195	0.027192361
2200	0.036982169
2205	0.033359501
2210	0.009168242
2215	0.021277851
2220	0.004967579
2225	0.01154365
2230	0.001432131
2235	0.005766009
2240	0.001806491
2245	0.004202535
2250	0.001487452
2255	0.002169002
2260	0.002606916
2265	0.001841847
2270	0.002221121
2275	0.002185372
2280	0.002513995
2285	0.002434862
2290	0.002843845
2295	0.003165786
2300	0.008407899
2305	0.010386154
2310	0.017515064
2315	0.016864695
2320	0.038158344
2325	0.047352873
2330	0.026953052
2335	0.01861952
2340	0.102136163
2345	0.039823446
2350	0.139439154
2355	0.059054636
2360	0.04919361
2365	0.092563895
2370	0.196745865
2375	0.0939658
2380	0.170044671
2385	0.360098018
2390	0.228984507
2395	0.162243441
2400	0.129258178
2405	0.370850919
2410	0.338742827
2415	0.555
2420	0.657
2425	0.368030428
2430	0.104788702
2435	1.228596969
2440	0.121816007
2445	0.772831735
2450	1.137673066
2455	0.517567662
2460	0.281063443
2465	0.607175417
2470	0.87970408
2475	0.799
2480	1.191499605
2485	2.355655964
2490	3.335
2495	3.688605818
2500	0.962557768
2505	5.086438238
2510	4.534883946
2515	7.998393044
2520	4.651624036
2525	8.570274932
2530	13.27179112
2535	14.44632417
2540	10.574496
2545	24.25807603
2550	24.23404194
2555	14.20531685
2560	27.48925202
2565	35.55758253
2570	39.77156977
2575	57.64832723
2580	38.384877
2585	67.08505392
2590	55.21361069
2595	120.186678
2600	47.72527713
2605	102.8791719
2610	65.07915701
2615	78.90354137
2620	79.73348609
2625	43.12827799
2630	84.02211824
2635	35.29319754
2640	24.71364399
2645	35.95961178
2650	24.57523136
2655	49.67246994
2660	60.84742445
2665	101.3660053
2670	115.4893977
2675	92.41722618
2680	59.24044157
2685	60.34280111
2690	37.80299967
2695	71.77990414
2700	41.10854941
2705	29.32148386
2710	81.31767577
2715	32.6745281
2720	87.70440919
2725	59.01102958
2730	21.86193267
2735	36.41714685
2740	83.31749808
2745	30.58631429
2750	27.63213438
2755	52.85861182
2760	31.31518152
2765	57.54265235
2770	44.12011494
2775	23.7861309
2780	35.89143955
2785	26.0044168
2790	23.49121103
2795	17.51496915
2800	16.47077006
2805	36.85778939
2810	12.42830307
2815	14.54525104
2820	23.35896609
2825	6.79411444
2830	6.598909079
2835	17.48115846
2840	12.32674655
2845	4.995024134
2850	9.699149214
2855	14.49199669
2860	5.498378379
2865	3.657391835
2870	7.368042502
2875	3.96679844
2880	3.708460323
2885	3.12347481
2890	5.267235141
2895	1.19519778
2900	5.592384797
2905	5.043051917
2910	1.082941902
2915	3.174106507
2920	2.530732841
2925	4.929728409
2930	0.750063395
2935	0.908190695
2940	2.169931787
2945	3.42484054
2950	1.044085827
2955	3.593978033
2960	1.014720161
2965	0.786202669
2970	6.226772735
2975	4.436617435
2980	3.346865929
2985	0.70146563
2990	0.495150681
2995	1.32688017
3000	0.793079248
3005	2.670615524
3010	0.944141627
3015	0.856316624
3020	5.615030519
3025	0.925735648
3030	1.072043046
3035	3.861005461
3040	3.619564194
3045	1.185387637
3050	5.106255299
3055	7.478619808
3060	0.96304533
3065	2.453320466
3070	2.622343585
3075	1.048709623
3080	2.896421213
3085	2.037528843
3090	2.216143677
3095	4.307523952
3100	1.244417555
3105	5.763444392
3110	5.157297208
3115	3.701170861
3120	0.358787534
3125	4.131780362
3130	1.22488345
3135	0.26558446
3140	1.47649387
3145	1.631034717
3150	0.654884031
3155	0.941103896
3160	0.363498078
3165	0.10892415
3170	0.216259565
3175	0.386520874
3180	0.467393139
3185	0.249037093
3190	1.353953952
3195	0.949086569
3200	6.752011413
3205	7.140491586
3210	6.244640182
3215	3.971674226
3220	2.696218335
3225	8.407127628
3230	5.783412627
3235	0.469496976
3240	0.629851337
3245	6.366580173
3250	1.30804872
3255	0.238018629
3260	3.866728518
3265	2.96688992
3270	3.194786396
3275	0.599022899
3280	1.242803003
3285	0.199933134
3290	0.215
3295	3.111120607
3300	4.340388037
3305	1.024681528
3310	0.614280481
3315	0.791980189
3320	4.502540224
3325	0.525750588
3330	1.168330103
3335	0.146483829
3340	1.232120616
3345	0.961652572
3350	0.454336645
3355	0.704107464
3360	0.780729129
3365	0.56
3370	0.537
3375	0.327770305
3380	0.22271658
3385	0.388849507
3390	0.040470756
3395	0.128431289
3400	0.052331375
3405	0.38662913
3410	0.459444116
3415	0.085781597
3420	0.029297222
3425	0.035974464
3430	0.018275381
3435	0.092850613
3440	0.054635424
3445	0.085676129
3450	0.016868081
3455	0.12552748
3460	0.052579269
3465	0.019115376
3470	0.042523147
3475	0.048245698
3480	0.023276199
3485	0.036822964
3490	0.058726355
3495	0.026377538
3500	0.039716885
3505	0.03477917
3510	0.039754941
3515	0.07634276
3520	0.043195833
3525	0.068062318
3530	0.062078717
3535	0.090698923
3540	0.101455894
3545	0.083311209
3550	0.083311209
3555	0.153223771
3560	0.066875841
3565	0.035997178
3570	0.187809816
3575	0.120478074
3580	0.059625575
3585	0.106723976
3590	0.116301341
3595	0.120273768
3600	0.089344123
3605	0.038940994
3610	0.104455559
3615	0.132177097
3620	0.019837271
3625	0.055513988
3630	0.08845591
3635	0.076310729
3640	0.019079981
3645	0.019449046
3650	0.057640969
3655	0.038393809
3660	0.040729844
3665	0.038188722
3670	0.192819164
3675	0.494214303
3680	0.165254133
3685	0.084128334
3690	0.059469108
3695	0.058491961
3700	0.017821973
3705	0.018542019
3710	0.070123521
3715	0.092408296
3720	0.038165938
3725	0.012412015
3730	0.079561111
3735	0.119559153
3740	0.09918745
3745	0.017152522
3750	0.0698219
3755	0.090062013
3760	0.092219984
3765	0.104672085
3770	0.074255723
3775	0.075206534
3780	0.040158451
3785	0.081228098
3790	0.142935311
3795	0.07238175
3800	0.007865996
3805	0.041942697
3810	0.097998133
3815	0.133667018
3820	0.01227522
3825	0.023134869
3830	0.017422041
3835	0.120716504
3840	0.030258063
3845	0.026878284
3850	0.020899607
3855	0.04028031
3860	0.046783891
3865	0.012201011
3870	0.018482689
3875	0.034167161
3880	0.024497248
3885	0.01057252
3890	0.016850211
3895	0.005274749
3900	0.034076537
3905	0.008193997
3910	0.005484232
3915	0.008020342
3920	0.010540725
3925	0.017061302
3930	0.006709532
3935	0.002779671
3940	0.004929972
3945	0.008497837
3950	0.008912914
3955	0.003345286
3960	0.00373262
3965	0.003827673
3970	0.006138469
3975	0.005605198
3980	0.003130095
3985	0.003301689
3990	0.003751009
3995	0.003974048
4000	0.003349307
